121.4
121.478
121.467
121.412
121.536
121.425
121.703
121.533
121.577
118.803
118.795
118.907
120.561
120.628
120.591
120.596
120.613
120.543
120.669
120.641
120.913
120.94
119.176
117.167
117.192
117.256
117.244
120.269
120.275
120.242
120.354
120.354
120.245
120.288
119.996
119.935
119.905
119.68
119.491
119.43
119.9
119.9219
119.888
119.036
119.007
118.989
119.135
119.0122
120.118
120.156
120.225
118.2442
118.3214
120.211
120.063
120.348
120.127
120.19
120.157
120.12
120.301
120.27
120.088
121.836
121.56
121.713
121.554
121.633
121.586
121.524
120.677
120.671
120.598
120.605
120.07
120.744
120.726
121.419
122.122
118.871
118.871
118.855
119.914
119.93
119.879
120.635
120.953
120.734
120.526
121.115
121.14
119.146
119.18
120.268
120.237
120.302
119.818
119.794
119.579
119.579
119.46
119.438
121.1518
119.7183
119.946
120.091
120.04
119.458
119.4369444
121.6147222
120.7844444
120.1844
119.6533
118.283
119.8767
119.3581
119.9736
120.0469
120.1631
117.1814
119.3608
