31.238
31.2036
31.3008
31.1654
31.2659
31.2261
31.1907
31.2284
31.2071
32.1083
32.0775
32.105
31.2472
31.2864
31.3019
31.3264
31.2703
31.2994
31.3097
31.3708
31.96
31.93
34.5885
34.2761
34.2417
34.2153
34.2911
31.4867
31.6219
31.5031
31.5848
31.5475
31.5631
31.6842
31.7586
31.7039
31.9108
32.1883
32.215
32.1319
32.4867
32.4611
32.4639
33.5981
33.575
33.6067
33.5039
33.627
33.4022
33.3942
33.3947
33.9592
33.9506
30.21
30.2747
30.3058
30.2456
30.2692
30.2897
30.3119
30.4183
30.1819
30.1808
29.9108
29.8208
29.9572
29.8906
29.7736
29.8633
29.8506
27.9939
28.0167
30.0911
29.9919
30.8244
30.7946
30.7478
28.6542
30.0203
28.9404
28.9664
28.9745
28.4514
28.4586
28.4231
31.17
31.388
31.656
31.874
31.453
31.422
31.955
31.955
31.92
31.909
31.92
31.354
31.371
31.751
31.737
31.4
31.317
31.89708
30.2366
30.049
29.305
29.334
32.41361
32.18888889
29.90166667
30.7525
30.8596
29.1128
33.965
32.3292
34.6972
31.8108
31.7694
33.3681
34.29
34.7519
